-1.6071898229119934 -0.08056315569415383 -1.550230898733153 -0.6425962291383723 -0.4687423518450577 -0.11249854053390293 1.9680917942850238 1.162802967831821 0.2149632407221048 0.9372159988168617 -0.22357622852252154 0.40232322572334334
-1.7630019831177683 -0.6960580108481922 -1.2534317320165742 -0.4572392114876923 -0.8769238609227894 0.8971496383541546 1.4725880826573325 1.4053177966052883 0.5427156472786145 0.5638671476494636 -0.29416143551714435 0.459177921365307
-1.4790516525515862 -0.15819457133128698 -0.8952887257126607 0.9168802063605154 0.9617786136787936 0.4178381478230186 0.6442545638217203 -0.660386619042182 -1.760742178968651 -0.2934235134449609 0.735743862594058 1.5705918667732224
-1.6667700320800491 -0.5353700458862939 -1.020439335603371 0.2652309001541086 0.4941328078366498 1.439732971117862 1.0927782191444815 -0.4677187339706547 -1.6218764387072537 0.586854192129978 0.9305280048541417 0.502917491010401
-1.8971573470201464 -0.24736992585934506 -1.2104560181753248 -0.5374251263460658 -0.8594409329115471 -0.467207759218146 0.18134541153465478 1.1207241112338007 0.5076519206104947 1.4477681777585458 0.8045375980688823 1.1570298903241976
-0.7518430216102038 -0.9109528389055183 -2.0895997569154927 -0.49472674181885784 -0.7998502964701423 0.24930136912617953 0.8279425195037214 1.5264372258381749 0.5159531450765537 0.5228344997691137 0.0897060095333008 1.3147978868731707
-0.27746735349344764 -0.939275539346967 -1.8207080161807754 -0.6642784346602892 -0.9264396493396825 -0.0848056433419683 0.7988838089151132 1.3729159329408056 0.7747173907045269 0.28856777387487215 -0.2907144154335589 1.7686041453613701
-1.8824803619374588 0.4405683991263598 -0.8782684775189064 0.5863023026875129 -1.1092077038093984 -0.6928997470286588 0.21093158756434954 0.2302357483960369 0.49042413725403766 2.233536393080222 0.04200560442067738 0.32885211776522616
-2.5679467284370987 -0.4517295557834649 -1.2158929852218603 0.6523596469252475 0.6205894076119195 1.2589394059959382 -0.2288124070206789 0.13245423343592322 -0.11082526641478303 0.5189016344756445 0.7565666172934845 0.6353959971397298
-2.187188352589447 -0.09730448011281093 -0.7077127985412465 0.9882194324857121 0.5454783407593345 1.1656565102508731 0.896194337452868 1.2941173292724142 0.2283364904082554 -0.5859426966723965 -0.8537616646516591 -0.6860924480618975
-1.28441703415564 -0.8341855195707795 -0.11297893736854327 1.5046993104131563 0.48600251974023917 -1.6777959299082197 -0.3907146952547502 1.6815017567578037 0.48092754400344306 0.67767129390636 0.24202191586009383 -0.7727322244231634
-1.940112031415567 -0.8475103819651735 -0.8768628436079726 1.4022804270104459 0.1756196343490962 -0.9263967912726899 -0.12114182883177538 1.7611572083442677 0.4251363120669929 0.7424867968960649 0.21198502818725798 -0.006641529760946958
-1.7774159289702096 0.04139269744298113 -0.38627031561264674 -0.0894251308715112 0.1209277679099376 1.552988745646918 -1.2590163010444662 0.4320310850411214 -1.3053040158962859 1.1459338107295893 0.371440769832801 1.1527168157917713
-2.4716385718151 -0.11313057278548473 -0.9752703016968423 0.13709439857032713 0.4597283026049379 0.4820366603547772 -1.1897572185707797 0.7749455382608952 0.21257380439458157 0.8742470342221877 0.8696590546256268 0.9395118718348731
-1.7907155510081303 -0.1572075273941702 -0.950614743761523 0.7341038731883293 -0.11637019992509223 -0.16415239946952456 0.34077716850838924 1.070590083097035 1.7822994542572022 1.0547443240544254 -1.1340691391263353 -0.6693853424206061
-1.8880598395589887 -0.17096486729513408 -0.7290562628648523 -0.47129752604120934 0.2563102305468951 0.8624164125943782 1.3879754396476518 0.9251568419490489 1.2349235723939695 -0.116440823750577 -1.5643452891432186 0.2733821115220359
-2.382562198901691 -0.5980046389938388 -0.30372491779919764 -1.5094784195759496 0.051140779117284575 0.6140947535332093 0.9936470558307109 0.8703577701231351 0.8033528609733278 0.7128698037538664 0.23834478223971708 0.5099623696994268
-2.089051824499382 -0.6994004386936749 -0.089808783915035 -1.163699525189934 1.000122491611497 -0.5847475824893863 0.3529858943070045 1.6572120060527513 -0.35927674540022164 0.6371826624352508 0.40422626344738544 0.9342555823337451
-1.2176999563787605 -0.0569053427701773 0.22103964786587948 -1.5206562040467955 1.0868825824830668 -1.5008943457039463 0.5515833421216891 1.6218109389420092 -0.7197297173243846 0.4073020144180369 0.08148675613619988 1.0457802842571826
-1.3339179440095172 -0.2708063573723568 -0.1536155959540935 -1.9097829053581237 0.676957295448014 -0.7653937188716433 -0.1344126745220129 1.9057538709733548 0.7072860225619075 1.037838486320571 0.4168719102919592 -0.17677838950806013
-1.5527702757339223 -0.44838525795697376 -0.20242735627341327 -1.9037845023172804 0.7990477645116382 -0.5417001961571231 0.37227922376464007 1.440368362873559 0.09428008614901748 1.3706889789974834 0.7989461053897426 -0.22654293324736868
-1.844154974902323 -0.1750177459816034 0.7121098355349579 -2.0593343549217096 1.1302497795616873 0.3275340186171541 0.5112079106017491 0.6663388201537925 -0.8166986576016203 0.9347792028659687 0.33593701207727283 0.2770491539946735
-1.5305117208256915 -0.10138566194078542 0.5505804688847308 -2.3690901159927558 0.9036135508551556 0.8219986093095877 0.055333700251564685 1.1326995341785224 -0.4611466852087562 0.5577572518784368 0.6279007876593666 -0.18774971904937673
-1.7456545275799336 -0.5121245969954867 0.8677783026059898 -2.208752416346606 0.2978241695243954 0.6640160377816569 0.34813972611021154 1.1826912845671451 0.435882611442296 -0.18954696038824678 -0.024941150851487022 0.8846875201300666
-1.3924644411542735 -0.5292731700427381 0.5315880667381219 -2.5410135993575906 0.6711194125775516 0.8502562379586082 -0.34162264738574605 0.6404347209895734 0.298651196461653 0.4380866154731602 0.9279508869940617 0.44628672074761766
-1.0720829164312702 -0.3444720383215597 1.261152235538687 -2.063531276031259 -0.37571783689222915 0.10773322718827735 0.15946813604878377 -0.5410876998099553 0.07125846112589161 1.2208950478442377 1.703117965204151 -0.12673330546375527
-1.1680072852456098 -0.7996260861436361 1.0727233366816251 -1.7701265768333108 -0.7636734034092098 0.3772391440478608 0.5361870498658785 -0.0796554218439115 -0.29792189061984237 1.1799978497722468 1.7904613465843235 -0.07759806285641474
0.5580871284879827 0.7579318917760707 1.9919826277731358 -1.0398336197021327 0.09812436380867666 -0.8904392697347396 -0.8044373874009395 -1.2365959541341083 -0.750726995966401 -0.6684257612327931 0.761020420355056 1.2233125559701936
0.5399676326660102 0.511107150639338 1.697313257479892 -1.096750504255456 -0.6280323130311043 -0.8173208452385302 -0.5674514593419374 0.3733391245029265 -1.578297037611663 1.4357335005745873 -0.7344279360456183 0.8648194296615541
0.4323654419178152 0.394711680096909 1.4116634768112042 -1.281096820840675 -0.7799049208775728 -0.5490503403953483 -0.6868654270317681 -0.03248102105837583 -1.428175882027702 1.7058660089137716 -0.4183158821498974 1.2312836866416401
0.4824706163636892 0.39459366543804086 1.3358098134980871 -1.48278422970091 -0.8320019572662508 -0.12115579246346418 -0.37814925675377997 -0.20871588737343708 -1.5231802925502644 1.8226194688885289 -0.4385448044886437 0.949038656408402
0.2864453541644722 0.2957693547806412 1.2475725595181262 -1.763944458072706 -0.8867971023957258 -0.2226818544621787 -0.037450175920042794 -0.13603723966470788 -1.3348968249216233 1.7601488534430165 -0.350061373904509 1.1419329074352382
0.591689147506836 0.6179630060153443 1.3818746860050641 -1.637800502350424 -1.1855355795721088 -0.3709690977200898 -0.18431700475738122 0.08281335359787532 -1.169069899972937 1.2284780097178016 -0.6796359702559369 1.324509851785955
0.5893771463554299 0.6421984389540428 1.5546747834344619 -1.5249914381403353 -1.3359727766946052 -0.3843418520534886 -0.31348421540733484 -0.32973860097917895 -0.6512632808545579 1.3534276301258994 -0.8054540994357803 1.2055682646954464
0.32015789111232346 0.5840823914990461 1.6003346540191283 -1.6151090153823182 -1.1344851019596387 -0.6865843724459659 -0.2762357256325526 -0.8650521130157481 -0.4108147535496532 1.1637605926169825 -0.1794874838909667 1.4994330366293611
0.3576046671660452 0.6910672446204283 1.9091382405246202 -0.9802158460666287 -0.6319380399779105 -0.6833088674523221 -0.5546542313720195 -1.699942304396025 -0.5678636343673378 0.42400359995986986 0.269754701718677 1.4663544696426023
0.343692916838762 0.5879327751031963 2.1550280717901993 -0.3967937730398946 0.1551940445452081 -0.059012285685077256 -0.14824539325164582 -2.165431145714669 -0.8906860575135822 -0.3081601056254656 -0.2863020421980264 1.0127829947509963
0.5492993545385 0.4623473338571882 1.9974901250755928 -0.2635752839330282 0.04267942015797962 0.12941457406670498 0.05721030406216648 -1.9063327742944938 -1.3793893559585186 -0.6999689956035361 -0.15244889419442675 1.1632741922258723
0.6525602203197762 0.6038709511801447 1.8276857129692092 -0.3551805772258133 -0.46071918222149344 -0.3620342360046297 -0.4289589854323023 -1.5537862580004276 -0.9653829987771225 -0.31475139756690584 -0.515381579917345 1.8720783306769124
0.5353232004256785 0.40769004262065844 1.186369557335126 -0.8890285774472083 -0.5846841615839791 0.186577770611499 0.9132194128278094 -1.245714657389228 -2.0596117758753683 -0.07999095629088798 0.10417657338993562 1.5256735713759648
0.8503447131416794 0.2980374319899517 0.8704456676686728 -1.0050272641228621 -0.6627371330752216 -0.11333777140934517 1.0363899685557236 -0.5198697776889978 -1.929808276182656 0.6184572621444587 -1.0179937704925879 1.575098949471185
0.7844462303423605 -0.019587265924446533 0.7348623805777673 -1.7156877220117734 -0.6543841019764927 -0.1657894555839519 1.4118971537023082 0.6537032974077011 -1.6211764539823315 0.01074345015182478 -0.7647563991882296 1.3457288864852646
0.6495347235655627 -0.23939121611181993 0.30979153306595714 -1.2585064399932673 -1.062135683231863 -0.06414638537378382 1.4942748077610966 0.7241468290878824 -1.8851264660809752 0.5292410262267192 -0.5464277923966794 1.3487450634811708
0.4369743427410501 -0.6133170451343812 0.2382061015962631 -1.2166659034505714 -1.1118387131526244 0.10533666370927518 1.334094537534375 0.8057909680515786 -1.744063568807818 0.8258426910386729 -0.5436526871341516 1.483292613008333
0.5240497971635598 -0.7350898926661106 0.19601927112820597 -1.3805091297578227 -1.1037497562657994 0.06666194985498854 1.0798342995711754 1.2446348651751187 -1.6083471506587228 1.0186816853773715 -0.4981334291100665 1.1959474901881009
0.3267383435083658 -0.906909460734644 0.09196353010909285 -1.4759630485866824 -1.0321265589907809 0.2080960366550581 1.19051625628751 1.611169242514026 -1.151138566328715 0.9801927830630632 -0.7767672771965145 0.9342287197002204
0.3500757305633827 -1.014582425965137 0.03200082419042423 -1.601271115978672 -1.0086171353391256 0.2834822536940668 1.1121560766482614 1.6609825301943986 -0.906748598004732 0.9638561226451684 -0.7812622900000447 0.9099280273520068
0.4482684883886442 -1.0228176344692752 0.04613296605551983 -1.7595735658599878 -0.9856188443700302 0.4369237464659005 1.1410472561203362 1.5597291966262228 -0.6291940807244961 0.8052170554794539 -0.945399634729318 0.9052850510170302
0.3499381233129353 -1.0391026166134305 0.08241906454398999 -1.7599893064331673 -1.143249172531393 0.5439248139931041 1.263329231942008 1.4798709105163264 -0.40127688919870896 0.7490250416486453 -0.9497725997228633 0.8248833985425533
0.5964877706990086 -0.8391512922005058 0.20468974376001586 -1.8193438367164325 -1.3530691127823942 0.1176445015088197 1.2103602323218705 1.3699342375833796 -0.5072338510099074 0.6777861601197656 -0.7309012368654164 1.072796683581797
0.2876197887934119 -0.8057396727146117 0.10835286102551066 -1.6463389725135784 -1.61033067116926 0.19509162193845278 0.761338066261327 1.2126296040988844 -0.49124679158530593 0.8234909712681957 -0.48193464555780346 1.6470678401547771
0.3626955868486809 -0.47706682920763027 0.17867388983973448 -1.4169625863658772 -1.673955864882289 -0.17696938655493039 0.459089482876914 0.8004449246838846 -0.8079663997701098 1.2338454816510227 -0.37859230201799626 1.896764002898596
0.4055615553581575 -0.05846539676418535 0.1694001451885393 -1.013318584543166 -1.686802486061474 -0.8691908583200804 0.3590495852388092 0.5722630076367171 -1.1597155564290877 1.4766443663470223 0.0174902669735584 1.7870839553751887
0.48364859054326714 0.37365433592865116 0.3868243421895066 -0.6936588189472063 -1.592256854027179 -1.320640353277447 0.12967958819131412 0.7910641363452692 -1.4773878951493822 1.2873671594480924 0.1441097414525812 1.487596027302535
0.9955382335952833 1.469270028436146 0.7937933645076009 -0.5603496250479957 -1.0953710001742234 -1.4647871867493323 -0.12211598994510701 0.5705490002594291 -1.2978479105811387 -0.9760361995120844 0.5612526981170403 1.1261045870943858
0.6055082530409809 2.422821936725436 1.1357577396838694 -0.481871617852359 0.26801860122893 -0.9885423334591795 -0.3407297299409619 -0.13815494818577767 -1.0882254323420204 -1.3165199893614747 -0.3001901143242649 0.22212763478682027
0.3917642259056601 2.0233585466358983 1.1758445224439538 0.14440339661692878 1.2077028233953842 -0.6773233188722013 -0.03489135180259069 -1.430113221642752 -1.1779662033888487 -0.7945059500506172 -0.5224453888233533 -0.3058280804174652
-0.40026613429116137 1.8344022710558714 1.092433167568208 0.07730208579329717 1.337352209106638 0.02836100179437758 0.27639884692672 -0.4497828690934451 -1.7377492819769262 -1.0984402974710235 -0.9900050332648547 0.029994033852297368
-1.6499255179749859 0.9800305428494531 -0.231260686108437 -2.0373270973131197 1.0024018863453499 0.07399759382200252 0.991944630154836 1.2162100484354157 -0.583759228220768 -0.3089467780997678 0.1088958135023707 0.4377387926076514
-1.8250659861953629 0.3605424714440155 -0.35837154332355214 -1.9202345129695246 1.2973336695203217 0.2391443425578842 0.6166703356174048 0.8362968305661749 -0.9500458466635453 0.6190318550051614 0.6635934194688384 0.42110496497218625
-1.8534783594919753 -0.7323256513197126 -0.1458652716668473 -1.503485402719705 1.4512953047378943 0.5826262965647846 0.1377157784119475 0.1052929793758113 -0.5643526886006964 0.4466383407054029 1.5848093107974222 0.49112936320567335
-1.3197729942808414 -0.664819212912102 0.29382688818077524 -1.8303492816082736 0.4276421739528174 -0.858928847050293 -0.47759013579348036 0.45414265367561396 0.5932185256173894 1.251529735547476 1.7119626105319221 0.4191378841389968
-1.6091353519675073 -0.6262846325322824 1.028224287826185 -2.116310459247981 1.0166596333430373 -0.14231942086918964 -0.20646129053854934 0.8670420694940685 0.27668257416078884 0.4246278721938407 1.1706344709745877 -0.0833597528369986
0.3813495924254084 1.0487081398008125 1.6691846388484752 -1.6394648055286494 -0.1883868277565223 -1.0013739825055217 -1.119285232579094 1.3158026720410025 -0.9769922913099985 -0.20714634655226713 0.40054159653788307 0.3170628465784723
0.6812543710006481 0.32934732263451433 1.2841160142233474 -1.4417696525668924 -0.7888217368376563 -1.1028142833005505 -0.9335170607817458 0.9846190178270918 -1.1541135715573614 0.6033246566528618 0.013831953582366111 1.5245429691233785
0.37436338582606604 0.02310633064510849 0.9479245087650827 -1.4606637622092942 -1.0631615248615898 -0.8857703088926538 -0.6523242541482733 1.0781009099369012 -1.0951889319245542 1.1694770227010005 -0.09374893110120831 1.6578855552634164
0.5888826746909861 0.053626149293707695 1.1129753461072593 -1.5275195928447096 -0.7421729608364287 -1.0409673120276026 -0.44897199523743886 0.9135666994329633 -1.265225632098078 0.8846704078190437 -0.24986049826636905 1.7209967139666644
0.3575932073453715 -0.11480658826885068 0.9611750164108597 -1.56747104116103 -0.4800607800019086 -1.0302035812600605 -0.3568640947210917 1.0139249169831446 -1.2432930102763546 0.9691271200087581 -0.35787500806864686 1.848753843009809
0.38904979606371576 -0.02284706992535578 0.9273545199051371 -1.5163071880265209 -0.40125494036052073 -1.0192872117517184 -0.4249943684178951 0.9683507693994471 -1.1873434936858924 0.9049205391772629 -0.5710697663034265 1.9534284139257672
0.4186987977642922 0.10866842411280342 0.8482722303174267 -1.4925704120073784 -0.37068651414312365 -1.0907148757174447 -0.5894361990689924 0.8928658340630897 -1.0288180134780738 0.7841450851559615 -0.5754899267041579 2.095065569705598
0.5713980764984883 0.2373971120349496 0.8252736742931978 -1.1544929383684173 -0.45546031123621034 -1.2609767741161277 -0.717098904985528 0.6816231821082793 -1.0562494947520593 0.6210237576893222 -0.5368390889808808 2.244401709814985
0.620785286950526 0.4015169257337974 0.9746993755483729 -0.7532168939266395 -0.9140345390548921 -0.9567980562634519 -1.2125702817265507 0.5698341318173855 -0.8599278572126978 0.413419347364458 -0.5572784589489844 2.2735710197186783
0.8597602635043672 1.7258943293779103 1.6264484270866046 0.5313178215990013 -0.4852045987899088 -0.6649387076910223 -0.5888782700956285 -0.18801721977102923 -1.01346329195021 -0.7429730688480661 -1.5677381354923094 0.5077924510702891
0.9911562341496369 1.936948102665699 1.4827448748325847 0.8136114208111198 -0.7445789768296744 -0.28670942959608503 -0.30067642474007344 -0.6093542134787056 -0.2573156903647709 -1.0419074135364135 -1.2979639324748073 -0.6859545514385116
0.7098275066119074 1.7711823006189946 1.5351103481111918 1.0231820043759368 -0.16789819605636339 0.12899007129585102 -0.2586321032367977 -1.0058879756555974 -1.3202064482371003 -0.6179103112328594 -0.6851733584230647 -1.1125838381720985
0.30681266603962765 0.5650508703192714 1.331870045671993 1.1278211903587236 0.9599086606284155 0.530757314498775 0.14878465815548747 -2.253166138000768 -1.0941492407145974 -0.31463681649833125 -0.4474837096847265 -0.8615695007738695
0.14631029007109692 0.2819141399205641 1.2622466934022003 0.604753701060709 1.1926969447707365 1.0319020160273469 0.5718792972288733 -1.7930915855366987 -1.0620393091670364 -0.12107110863303458 -0.5428259286730976 -1.5726751504716587
0.08982969986622746 -0.06977655707224381 0.8454847916014372 -1.2328657965566177 -0.5891242881083311 0.22682147137703315 -0.8287673381409447 2.3783678135851773 -0.5414488984222662 0.9632077860101895 0.09270901667882522 -1.3344377008184878
0.7249163437061908 0.6158716615250702 0.6370852159889875 -1.1592874116973106 -0.8602995837088612 -1.618676328162623 -1.3516451145911428 1.1362669554245524 0.11228439113378885 0.42376891157861296 -0.2728757852610573 1.6125907440637905
0.7968183490996427 0.08770712361258438 0.16459933554433295 -1.3171692111705473 -0.4297047324167816 -1.2318474722995771 -0.4296457585264853 1.326572054581891 -0.42924398733466 0.41045512126142386 -1.062251842527647 2.1137110201758245
0.5966978659061086 -0.07771318940472823 -0.2198475513643006 -1.3542202787193565 -0.0032148728431924084 -0.920118189734508 -0.08565121618549161 1.6794293225702392 -0.6591784766420566 0.3675559664662198 -1.287129998936271 1.9633906188873353
0.5929648640718383 -0.184386037400795 -0.2379906435922139 -1.507787174164811 0.11300787429067903 -0.5611158876774028 0.24325695208252865 1.7629713314367932 -0.628907626246355 0.5537711167279117 -1.6661053679098212 1.5203205983816481
0.7294696217529626 -0.24314098782220928 -0.37392271319522846 -1.475705003682856 0.15232051193218277 -0.21827981628371318 0.36973919090985924 1.7183616857515223 -0.48207635796473114 0.43286409140668397 -1.9365807299762883 1.3269505071718168
0.5043860380765984 -0.5768922335930131 -0.5393281459479138 -1.3894933923369734 0.18458103621558233 -0.01345765728153114 0.5615944484647266 1.5942798650088417 -0.21269351083866597 0.5155839438857854 -2.0159332220546484 1.3873728304012098
0.6008672092248195 -0.7509352910887416 -0.5565156315835593 -1.5256672788963086 0.31897012258340995 0.06754973044606916 0.6197103990930691 1.389792384685956 0.0031290457238383517 0.32591693737892324 -1.9476068455993363 1.4547892180318625
0.5260136357344407 -0.9017365816946592 -0.6298644393638424 -1.5286312854489843 0.40721097451165217 -0.009739339551337784 0.6662697243416972 1.5270175864687456 -0.14473754400585126 0.4290115245150923 -1.747120047529889 1.406305792022935
0.9169625017566158 -0.7920368120750695 -0.5959766755176648 -1.4706108360658077 0.3220360866947656 -0.03860285567678192 0.7964561575025907 1.3945313018089465 -0.13477803753655973 0.29985290433343986 -1.9265975705711806 1.2287638353467036
0.5853228626679754 -1.0482425607111032 -0.7287801171446311 -1.3766391219302572 -0.0008623418100556062 0.0660396831964208 0.8908048867265562 1.4844950979039806 -0.1726995729674385 0.780437617624961 -1.719238593750733 1.2393621601943245
1.067852683773833 -0.5261820041649354 -0.4268059030784638 -1.4477971878369078 0.05525962940254286 -0.17782605989500108 0.7799179386600686 1.0882942399766096 -0.06151934145655529 0.6576616013513453 -2.1675593132223305 1.1587037164897953
0.7473259952680569 -0.5619601840242728 -0.38243751016843747 -1.4593386033386273 -0.3554972396227937 -0.28306313394366434 0.6686063623795381 1.0660665952859314 -0.025585821608639273 0.9210828604705515 -1.9218108732583996 1.5866115525607576
0.916064592335678 -0.041740545429926425 0.17563942378478067 -1.2660853314687546 -0.5936285857521345 -0.7264709689220615 -0.013619984696466646 0.5577819057579538 0.5626547749494096 0.5798479363818053 -2.0334964085230167 1.8830531915827338
1.0763541346340184 1.0461912455996594 0.9086104846665141 -0.5709123070642305 0.38390460878023547 -1.5384057257557104 -0.7977131546227466 -1.0769984370505346 -1.1763976695678502 0.32073480133898125 -0.23201297408113575 1.6566449931227998
0.37257287585914484 0.610405900343483 0.5984815235781953 0.9725030708743659 1.8163284634663392 -0.8293558184101338 -0.653763144014169 -1.1074222957718125 -1.2960394155910782 -0.9315956292915595 -0.7497343929638537 1.1976188619210792
-0.35130377880754343 0.09255670560334883 -0.2164840477888991 1.8368735627368773 1.7969987101319522 -1.3850723481246916 -0.7375653702950975 0.10118706054483786 -0.29301632898348723 -0.2064264941128559 -1.4173605900342134 0.7796129191297729
-1.8257755445364647 0.477674504577931 -0.313068719203005 1.615518456049583 0.20118296069147668 -0.12189509233325324 -0.4059522822441026 0.4000732637031615 -1.3531433127633195 -0.5677666693501237 0.1084529966545278 1.7846994387535893
-1.0980459086208156 -1.4020095695095751 -1.1850194700296401 1.6328060045227695 1.245222138683696 -1.2575916079352292 0.557244846047779 0.6377627274597153 0.9196165771506709 -0.1964748415282537 -0.01022182975124007 0.15671093351012408
-0.9664664670177987 -1.3320275675372324 -1.0449045285337413 1.6882203515766452 1.323454617460937 -1.512291084929728 0.34188740782863997 0.3708147433879308 0.8299265940308193 -0.3273043246578482 0.1365071668206642 0.4921830915707119
-0.440580736766492 -0.9101072018498476 -2.1706349734988355 0.6748184989530276 0.8512806685594164 -0.9717494688958611 -0.2533109532647382 0.5077798711901367 1.7060868458403924 -0.21905590106768197 0.3782538645905421 0.8472194862099409
0.06009423034268736 -0.7380184892213992 -2.213200780767014 1.0966467281638137 0.4543259222190323 -0.6377874743783256 -0.43622920404565924 0.5894383384480435 1.9416262973400498 -0.5134326217710026 0.40774491955060277 -0.01120786588082663
-0.1306893563238258 -0.5050424957972216 -0.9616940007725533 0.6417041940789069 0.7016597626085727 -0.7606856926327357 -1.529368039161704 1.0152065928681384 2.35961125947036 -0.34119776564050863 -0.515532635093091 0.026028176395659255
-0.8289028438517129 -1.1811403237242861 -0.4979188915292294 0.42075159455904126 -0.47078959781022567 -1.297115246086833 -0.8891624856799818 1.1976583432794663 1.762198710011548 0.01569044429839212 0.29532680931533367 1.4734034872184878
-1.1123699954490611 -1.1096271952138026 -0.9551946696835711 -0.12586080318782084 -0.6062294888698407 0.1081011025068807 0.1314427879405837 2.362532127313946 0.8710012787936402 1.212933146885764 -0.17204965693506213 -0.6046786341016561
-0.9476056524592307 -0.6898833825578186 -1.266287663859707 -0.07362697032412263 -0.8280636240814705 0.6598664333274467 0.5453620331118103 2.123116687551432 0.29130974699948115 -1.0682168960428773 -0.10742335264623883 1.3614526409812948
-1.5458330864083003 -0.946051293410471 -1.215644905079253 0.054776049814197154 -0.582516257735074 1.0632279241080498 1.0838778319389146 1.8154582816488862 -0.8867923241869428 0.19510727349674029 0.5303789325028778 0.43401157331037554
-1.6660397298149798 -0.9742985333573075 -1.5213570877285756 0.34017501733195626 -0.43599597035555604 0.8909994369546294 -0.3942317540897799 1.6073248299701424 -0.02729459010077283 0.8744459190146809 0.1514646476107231 1.1548078145648388
-1.1590968327881463 -0.697663279853714 -1.3876076496059233 -0.3456080045907784 -0.9176701184133236 0.5831098284379489 -0.21305502768458948 1.5930001679372972 0.7889557458227454 1.774384320161258 0.5331272456356347 -0.5518763950584082
-1.2251700230879705 -0.7345442601924699 -1.4734369411286516 -0.10073596506404912 -1.6893273197289365 1.0018822836009897 -0.1231459201229621 0.8205104887559085 0.7348275496660467 0.7444288974618786 1.1767476871002938 0.8679635227399226
-1.313973368446967 -0.47952146426765246 -1.3370158049806258 -0.7582337354332469 -1.2061254553506346 1.5490485983925415 0.6855699827487145 1.4496401585068648 -0.35674646013728795 0.6778090170874754 0.35112584063602154 0.7384226912447966
-1.363474980821649 -0.7878166967082809 -1.523952806992458 -0.13194950742983902 -1.0205307791574032 1.254625474285248 0.22706305333958818 0.9070409589900156 -0.6741270033315362 1.0395642679061154 1.0898186200818587 0.9837393998383407
-0.8027131599691348 -0.6431997941640549 -1.7587459595923416 -0.20535382772115918 -1.251100456563448 0.8633870929701178 0.3647951207857069 0.7775211870548201 -0.7864673232876359 0.7936972536829232 1.2830455860926924 1.365134280711511
-0.7691374083663389 -0.945946463091958 -1.876303184672761 -0.22892281820353952 -1.0804082447231476 0.5757471125308652 1.020255296619935 1.8190824827319136 -0.12152823811376408 0.7939381201430448 0.16560127801375737 0.6476220671319936
-0.10111802393931968 -0.11366238364006223 -0.9667219899782742 -0.629745369920112 -1.8414150837912338 -0.4169435689535782 0.5039460777650616 2.1157971558298634 -0.40480665688433976 -0.2042300775494527 0.916751535494719 1.142148385566728
0.9265739296550843 1.1120750369855537 0.6505247956033839 0.10045704043003158 -1.4138436013962956 -1.0000466418222456 -1.0913515247847738 0.05740071769730414 -1.266123988406115 0.24593721807148738 -0.21104488805598573 1.8894419060225698
0.8391064842666845 0.6676899695042459 0.8083232766914611 -0.5144283105922935 -1.4556563195012098 -0.7271182893445802 -1.0218469512098032 0.9318890657236328 -1.1086144249520853 0.6607725747588724 -0.8212892000218367 1.7411721246769118
0.49074857429371255 0.34025109432563616 0.5949523701684268 -0.7181527106091069 -1.4318943786653595 -1.0160082487008721 -0.7629084192919304 1.278371676421066 -1.1765852106253314 1.00978877365198 -0.329648001367062 1.72108448039884
0.5325253707189217 0.3075185445983698 0.6265416204807723 -0.874785493805099 -1.343835546030956 -0.9960279967147367 -0.8392874170307874 1.3411991272348367 -1.2238779922536145 1.2147217227223246 -0.20946466918300655 1.464772729262976
0.511653215759731 0.1798868395242231 0.7802858281485751 -1.2066141593176818 -1.1828494770180173 -1.262349091983488 -0.7511454101005186 1.272395417524583 -0.908839428166893 1.2671255530860621 -0.12050094611311758 1.4209516586565432
0.661295486277603 0.2289366289035137 0.8271625634949562 -1.2531756865460477 -1.051798819040575 -1.2145315445107059 -0.8940367020750891 1.1648904547517522 -0.8240437948328924 1.3576980288088196 -0.3666437702292301 1.3642471549978943
0.6080315339943547 0.25607890041253145 0.6827833323946815 -1.4267831605237833 -0.6693861878933348 -1.2532804847882464 -0.9508395141145344 0.9938189338879252 -0.5791025276908484 1.5278489011552066 -0.6323351751375419 1.4431654483035898
0.6436931566641052 0.323450381076028 0.6702903846900193 -1.6422320259158971 -0.3496167698785299 -1.1361181881977478 -0.8768661031439132 0.5628056192682913 -0.5306711790497497 1.9059116107727783 -0.7418536247251413 1.171206738439756
0.7699301565613992 0.4607856128594828 0.5037708696956285 -1.3183393319962702 -0.1830794707875382 -1.0582836472648571 -1.273478531303121 0.7983790040540335 -0.5000045489702063 1.819488725773493 -1.0654523136675238 1.04628347504548
0.51519748035594 0.3273563921518863 0.2054116364977844 -1.2005988999359691 -0.02608311869890692 -0.9358785985694955 -1.5241876534853889 0.9832589422153527 -0.11852581685976306 1.8236385985828003 -1.1729118137414256 1.1233228514871865
0.49483136968308067 0.16920724201375656 0.2536277818272744 -1.1927358357045754 0.08044017731978668 -0.9032002991191159 -1.6902651158005266 0.957530222292918 0.12246644341171081 1.6946778983704505 -1.1672665283377917 1.1806866440430326
0.38104486076970046 0.08297481557256405 0.2315351035555906 -1.075972775250414 0.0534710322473588 -0.8895035782575773 -1.6083252206835876 0.8981090028407948 0.05259466561210733 1.815585672298078 -1.2254242054963245 1.2839106267917104
0.5129855449628932 0.14967006283772222 0.36564896260165425 -0.9816970854815592 0.020124069747925685 -1.0064783205277341 -1.7031598165343882 0.6574162639608584 -0.04121031263069958 1.6073738338994052 -1.1314922347469785 1.5508190319109016
0.4301169293998982 0.012467359002844333 0.4454778770921281 -0.7777580050421806 -0.2071990610523663 -0.9411432417649401 -1.7194980715829846 0.3173487977986845 -0.23904834559393745 1.5149776952356613 -0.8312658261626313 1.995523892669823
0.44800663163104365 0.22664965545805735 0.560565543773077 -0.769481046696141 -0.21007635865964175 -1.2292692683127355 -1.5563876904494018 0.2910865009097224 -0.27899042843054556 1.5075768214825511 -0.8945329606669724 1.904852599960987
0.3425065648660125 0.21977085722105003 0.5627112680524181 -0.6625169317012675 -0.2280674644820271 -1.2209279220213134 -1.3685887873210076 0.3132055848965355 -0.19565022705106985 1.2353241743394674 -1.1569644366892304 2.1591973198904326
0.4350209452111317 0.07138228740285246 0.7846278826293291 -0.8327086812240445 -0.5227918681529802 -1.4486130373289152 -0.6589126012139799 0.7979520019880939 -0.7370027996550651 1.04078276421651 -1.0228798323711115 2.0931429384981795
0.3965160920453993 0.11266287192935875 0.5828997772539873 -0.6966374060291861 -0.6154908067563413 -0.8601506012477477 -0.5614226588216107 1.2466151196711102 -1.5481167616957137 1.3546695699911675 -1.0496734338158678 1.6381282374754425
0.3741592699306466 0.21069230505876402 0.5026775506037988 -0.5555632395154386 -0.46977624459852474 -0.8622726249806507 -0.40965436355114787 1.2759155796084896 -1.9155202597397707 1.481922201268716 -0.9479895516449922 1.3154093775601112
0.4773216772577938 0.3779091335162072 0.5795025982312287 -0.36788885078093875 -0.362226745459547 -0.767393194186711 -0.2624945537439332 0.9438493508581145 -2.3485441867397996 1.6281173144274315 -0.75738174583032 0.8592292024504742
0.5081800536123369 0.2365722577186905 0.5322488055818752 -0.5120299118336412 -0.5235743130941843 -0.30207488502311164 -0.08904454403300363 0.4673359143020023 -2.225549805787487 2.068461860540337 -0.8877654960220849 0.7272400640382709
0.8567353915325409 0.41455505721365205 0.7326797435046237 -0.37513277477458706 -0.7579910790446039 0.29805146621444645 -0.32624140091634796 -0.10759092102900582 -2.065537134604703 1.8682720456620876 -1.1999510104767785 0.6621506167186759
0.9992026003145668 0.7187169279699427 1.0634050001022521 -0.7821332038333735 -0.7237093694919889 0.6717913536902406 -0.6378775466692754 -1.189050138839858 -1.1072249525136304 1.800231423742467 -1.16467988538574 0.3513277909143965
0.8918327664020209 0.7152401099072745 1.2751525180389 -0.9684301900709928 -0.6570429351216582 0.47259324369635247 -0.5697759977770851 -1.3769039968087333 -0.6720734943277146 1.8680873733943424 -1.1348224367016972 0.15614303936899163
0.9090445347125138 0.8226891120719938 1.1290012885522436 -0.6662834999310951 -0.7222084852382116 0.33012267263414835 -0.4862380678756755 -1.6494266247707225 -0.26090226485384493 1.708930256054952 -1.4464140731136026 0.3316851517573005
0.9909279637709236 1.0945345747014983 1.093373426571882 -0.5830743454807754 -0.9265596217443148 0.20863250524154886 -0.49306766346504893 -1.543426932071905 -0.23328849064695517 1.5375986537820523 -1.4899950960698949 0.3443450254109881
0.8256304992577187 1.0873214125852495 1.0310739438484786 -0.5431715492344023 -0.9309241514853652 0.2098830601646054 -0.6103838400620422 -1.6231982490651842 0.09044560425071653 1.5297490493887151 -1.5188500996851404 0.45242432003664884
0.871504796548653 1.086958226966075 1.103072437705529 -0.46432163667185866 -0.7985331491281334 0.003398520752432638 -0.5486025476641607 -1.8549769572731762 0.17017817724249876 1.539492662848492 -1.3395938829215617 0.23142335159520985
0.7994857093218807 1.3248835151112168 0.8451884757641865 -0.07103006847369324 -0.19799435750969738 -0.5590067848201515 -0.48636040272626185 -2.4729632407663624 0.6479911222088639 1.1297638344816667 -0.3674730089172694 -0.5924847936743783
0.23232215276193774 0.6717957093881598 -0.030642581363483294 0.53267798516649 1.8215457580933905 -1.3536108114004133 0.2035916499664883 -1.8516280181862304 1.1712971922519535 0.060481949418225954 -1.0041738375896199 -0.45365714850689987
0.13191493703544768 -1.705257009116351 -0.9434855166693015 -0.18407534165740783 0.22199824851265185 -0.23861328972532495 -0.34600222916413154 0.35129201670311005 2.663412412075131 0.4306303166108038 -0.6648301896092014 0.28301564500457355
0.5638352651606262 -1.0828381557703732 -0.009594864169347657 0.8710775335456581 0.21034721118136165 -0.7556767560242119 -1.753754082271673 0.5070638275484338 2.147086341583977 0.19865335221536065 -1.061122240926377 0.16492256792656432
0.8441332220955826 0.010931335712815184 1.302137411775558 0.967006994006039 0.17702499607984007 -1.4767844099396286 -2.3244019166041947 -0.4888703111542578 0.4885751431740904 0.5024875689420875 -0.3956987883859671 0.3934587542980361
1.4598915210608587 0.021872004503925287 1.027761909571886 0.5908843223360404 -0.6626232738056054 -1.129688548927162 -2.034566311682277 -1.0208952936420754 0.8843313404690412 0.6838402031698899 -0.2977746806719437 0.4769668076174233
1.6335638356356417 -0.03752764332209521 0.9110020732367632 0.6150220877595888 -1.4146237594141844 -0.3994170414084991 -1.1804474256106607 -1.7227959404538957 -0.0017564371274451434 1.1737197912042328 -0.04577184157988475 0.46903230108044125
1.508790296876498 -0.12989090061393574 1.004046865296101 0.10656183099925129 -0.9983927502935069 -0.9012070027158562 -0.9539414584937125 -1.0092583084630724 -0.781893336285083 1.7349224673250816 -0.5772767898009808 0.9975390861692154
1.477386962286867 -0.15947339625258766 0.914578115348926 0.02678378107504366 -0.8682185500766034 -1.367118399527575 -0.539413630058547 -0.7264060304647886 -0.9855800912489225 1.643811434025784 -0.6218131141830504 1.2054629190754524
1.2201145312499289 -0.05788176071104971 0.9437214117748282 -0.34158221660922927 -0.3757521888259332 -1.5286779231115406 -0.4205518912290439 -0.41147827016369926 -1.0240120484878907 1.6359112067013994 -1.0213177806652047 1.381506930077437
1.0591255987298613 -0.1767384875865507 1.0273505155174898 -0.34119038388040557 -0.3333261684013923 -1.7104311263747356 -0.3294477761688505 0.030433111362424412 -1.09948034939559 1.4812831114235177 -1.0384872325090757 1.4309091872833084
0.8961514310658065 -0.18130591915290067 1.077918299181881 -0.4139008612624444 -0.4810105531182466 -1.7287008232386591 -0.07277828360622084 0.2886162388449089 -1.3533517014359946 1.205580059419295 -0.8323928840916249 1.5951749973941993
0.6249087560280923 -0.0748101790997467 0.9387948092254914 -0.4706980865081212 -0.605752854563238 -1.5142831730508324 -0.007832045652951692 0.37503878206731395 -1.51457365889775 1.4025441215546435 -0.8177991062827867 1.6644626351798855
0.6551960888246361 0.10299066041195014 1.0929361118449863 -0.6577631365947216 -0.7333754849583306 -1.4095996233881012 -0.0032737553376487867 0.17394014705410896 -1.5204620405981093 1.474003604821812 -0.7170601049941356 1.542467532913553
0.3826789079438274 0.08902037628837285 1.0822401570151552 -0.9172152117365889 -0.8307418462816727 -1.1122407307795577 -0.1511595276925714 0.07367229156972649 -1.291328868162199 1.8732536101361421 -0.6898573801667414 1.4916782218661078
0.47009065096662267 0.2708340675132734 1.1982346687540553 -0.981403969113292 -0.8498657749622743 -1.4126500307780596 -0.004625217222444301 -0.1805548447040419 -1.0761051823047807 1.8823087620069308 -0.5585296808465919 1.2422665506906023
0.40307437527456746 0.3402962703862376 1.0914371337264186 -1.147335827824283 -0.7978418163607947 -1.1884958759789042 0.15170224260885348 -0.012953467958355008 -1.1653194038960022 1.828765701893542 -0.827807180188788 1.324477848317509
0.47448489998478044 0.5787861987015623 0.9841977885428247 -0.8364943950664779 -1.1634033873366936 -1.0939777444147154 0.07084074447478432 -0.47953370410338175 -0.8988883250369186 1.5819359090801246 -0.9070326594220622 1.6890846745961732
0.5326610198391747 1.5219896324937192 1.1939814982214625 -0.3117300469461493 -1.6740718267699908 -1.2127187413273024 -0.7440773330176692 -0.8959790104606311 -0.3110413372227351 1.4227303467708257 0.31706058608856946 0.16119521233072767
-0.010276771559119198 1.0578672368732316 0.2506130441497245 0.4116864772253476 -1.7621196931620253 1.337348500412672 0.49906792237123043 0.49293940695421634 -1.4212329694131665 -0.2818999665355976 0.9375010451740751 -1.5114942324905916
-0.88834960860187 -0.2903092140953514 -1.0222107272610306 -0.6073794005145982 -1.6188308694570301 1.5693136141009822 0.7653303463806155 0.9725079641279822 -1.1002860798669898 1.1339763627536903 0.4676793631109332 0.6185582493226681
-1.3814256565237688 -0.5908240998312374 -1.3308671397487908 -0.7824170783966298 -0.7162233329587906 1.8791817326688678 0.48334892047940314 1.0942865852853196 -0.48821552688329145 1.2000410196074187 0.3662924407020594 0.26682213559943974
-1.3331043783597276 -0.20266526319258402 -0.9622926189145092 -0.20819433954550517 -1.2173906945400634 2.3058977663834925 -0.5189608473896324 0.44924157474948806 -0.3709883170371321 1.1688106572247665 0.29891490632462475 0.5907315542967836
-1.4195595069133582 -0.23910509387219664 -1.4796689017106253 -0.2205021437531869 -1.2753364889593943 1.2986681876925543 -0.48158945401546477 0.7661606639841567 -0.08748916163930856 0.9548408065624802 0.7352116588545695 1.4483694337697743
-1.7667924370129782 -0.615576072968524 -1.197481396014877 -0.28154337604487567 -0.9138266915920256 1.7612581602056236 -0.05357452301581894 0.611620279808899 -0.012711852463359437 1.475562343586736 0.4674840181276362 0.5255815473835629
-1.4128760920967942 -0.4289502527227577 -0.8300747613550824 -0.7657213267207631 -1.2100402779243686 1.6904458601567194 0.6987344325717961 0.3224647916333663 -0.6750148019899972 1.4287700152176486 1.0572377362050231 0.12502467702520909
-1.397489272272048 -0.6252226108686504 -1.1437862630590279 -0.19682276791597494 -1.7638364557730475 1.2583029181860266 0.9020637299887625 -0.00660412954396293 0.14547350284890706 1.1929551194240375 0.9176444771551631 0.717321751829815
-0.6381391397913843 0.018790881136947546 -0.889411540486961 -0.4987658498844376 -1.07565841402676 0.29060347525943936 -0.8155815814135864 -1.322231037428919 0.5222791982645908 1.1879765017526738 1.7303578498381549 1.489779656780243
0.11615781807395877 1.1436213720697168 0.9299619591101557 -0.20031529194928344 -1.1228027910499294 0.011368145043201853 0.11851833242176522 -1.9409128642177782 -1.4389801071007429 0.11060433150435078 0.954705899159775 1.318073196934811
0.8834304820237832 0.9862803356369749 1.38316945885921 -0.5367825743451131 -1.374732217262309 -0.7416403876729672 -0.061712884835887924 -0.8230426092398956 -1.3122048237313313 1.1891460543141774 -0.7193089316817951 1.127398097935154
0.5386268267816944 0.34962777135345197 1.2156197712441774 -0.9296693872539925 -0.9509996781341282 -0.4517452976232757 -0.039837061957822065 -0.38303602359935995 -1.4093231492813625 1.7678646739412556 -1.0440311601847307 1.3369027147140922
0.6333585403996169 0.34206322458912747 1.123201340807181 -0.9807249931280686 -0.5957504056413894 -0.8158237274732532 -0.251182622933063 -0.08979397834359096 -1.3504551662978834 1.7425712667580477 -1.158792015063276 1.4013285363265544
0.5338281339313194 0.300910962680976 0.7044009118468344 -0.912445103770958 -0.3143872946007559 -1.0907069536651859 -0.4990490193872583 0.2600195946646984 -0.9857709396951633 1.8425853081395 -1.3878274677328162 1.548441867588808
0.5158287792436476 0.3460136066856578 0.23130392964452537 -0.8770596926161643 0.07466291069245397 -0.8794645188301878 -0.7975418813200372 -0.06285568944667709 -0.3828341420699364 1.9763237372037163 -1.7015386818745135 1.5571616426875152
0.6737754493489286 0.5184379596388078 -0.024332231472251803 -1.0425277499779424 0.4511014284898736 -0.41255002948958464 -1.162490331230171 -0.6254020244208063 0.04448959361429282 1.859303716738329 -1.6524265761041215 1.372620794864646
0.8092183847972272 0.7334848385813926 -0.1423715760196555 -1.277024996892246 0.6018531344401806 -0.08954253010599321 -1.072961394014514 -0.9881958848276634 -0.1218104607881155 1.8262362003466064 -1.4179606910305371 1.1390749755133152
1.021146438490402 1.0778812624043768 -0.23716602670718884 -1.582955398989321 0.6739886875205636 -0.13684481727416226 -0.7525186512253362 -0.9820679652690503 -0.6757676869978763 1.2687152260262702 -1.0842827136906341 1.4098716457119567
1.3109267973429573 1.4192381998713586 0.048032073841954424 -1.6587748291534943 0.21973677340706924 -0.0022176092351536086 -0.6926274375771181 -0.421952974921336 -1.0678992610952691 0.5464499197564915 -1.1395608132788597 1.4386491610413998
1.2754103528411669 1.4382188656198103 -0.01442949250503071 -1.3790296405821012 -0.35236672797165053 0.15465019725029128 -0.4659395591795074 -0.12175755412690319 -0.9980934162525278 0.13825443156736333 -1.4114308233642214 1.7365133667033092
1.0184118850060486 1.163255682450258 -0.1357180392145348 -1.2633922040744663 -0.22792315493421222 -0.3864204302041251 0.2935595599583598 0.06623336328017881 -1.332643133167964 -0.1546013947902919 -1.1701314213013188 2.1293692869920675
0.9410096051787384 1.4015995511915653 -0.2982867941815681 -1.5768699437992881 -0.3944643893442574 -0.14664436834827327 0.6326618932809608 -0.4519578117286438 -1.3653372109625892 -0.03381254861959339 -0.5975002227103593 1.8896022400433081
0.783270614487751 1.1217012974416416 -0.19165904254366398 -1.7657508405420297 -0.5447895730477532 0.3714757753609751 0.32144054926042764 -0.38259207282129637 -1.4438921685214192 0.49679556657571966 -0.647152965637488 1.8811528599871346
0.798578106624153 0.9905296950630704 -0.2713770624863371 -1.9940819489279358 -0.6578310475741564 0.6599394099673946 -0.05672564890086928 -0.3502655719832384 -1.0708550795788176 -0.07798865289822861 -0.015380759237001357 2.045458559931968
0.8060700995276922 0.787400253163339 -0.41689208533905575 -2.048962675887684 -0.8498354109271289 1.110189281570835 -0.10878520362039343 -0.7149342993784932 -0.6071923125821519 0.00662730068181858 0.17007642303747172 1.8662386297537494
0.892602130805912 0.6300058844199805 -0.38574008586931907 -2.1374749068830985 -0.727583849490119 1.6195219460490868 -0.48344051812524425 -0.7040204215110422 -0.45470356832900644 0.2865082093247697 0.08169962192902225 1.3826255576790583
0.892516169754343 0.617471646728787 -0.42266932145543906 -2.2777641329845766 -0.5320976413806486 1.7634699606871154 -0.41938796303405784 -0.9436421819211339 -0.015029271569884333 -0.06099327191286752 0.7846772374194951 0.6134487696688675
0.9154610291290407 0.4449246112351973 -0.5768723807744424 -2.3922356987923 -0.38323024656183524 1.781627253143522 -0.5091303859462432 -0.7256894687278695 -0.05348424069176066 0.4243485683068709 0.3930438028225293 0.6812371568572906
0.9695209892274516 0.23836095075801494 -0.5084514611354822 -2.32476426425225 -0.24181526323746705 1.7014389475129335 -0.767840598741151 -0.15791366200416704 -0.4207443670281492 1.151621356962607 -0.13908627110112737 0.49967364303878736
1.0808692811211418 0.17868562487323753 -0.6164705017519185 -2.193240058947404 -0.3063131429929559 1.5017560656809352 -0.5677174713790439 -0.19178108173779623 -0.26831813813440175 1.5205921504619075 -0.5727908827480284 0.43472815555432676
0.7744886440666339 -0.16037779915585076 -0.8346808880195584 -2.0118764487314276 -0.2403342354773662 1.4166519946282037 -0.26355298170311003 -0.2926053309597565 -0.07845790845957495 1.9066380829208336 -0.7185349919035335 0.5026418627945074
1.1027814903758522 -0.07225175449969533 -0.7964159100030879 -1.8950232761721293 -0.018314538578359286 1.3776040515838661 -0.38632664578219716 -0.5083407110317467 -0.15599568993521143 1.8362893473454434 -0.8478290420300911 0.36382267872735585
1.039735730060449 -0.19462387744918724 -0.7255615611572945 -1.7829444004238677 0.22496644587184664 1.0626037176459897 -0.3479128273386587 -0.3125785242269028 -0.07581421036789045 1.965362027274829 -1.305495390692073 0.4522628708027603
0.8162637219986211 -0.42687887644540284 -0.7104694182775945 -1.6836835602814848 0.26318322404750544 0.8228779165848593 -0.292145543870668 -0.0016514081122168981 0.22103625346962325 2.0524057380109895 -1.5687764216534266 0.5078383745291964
1.0337536091739832 -0.26642547612443157 -0.4143899614709249 -1.7212025666011452 0.38636906926627307 0.4349907206210639 -0.5341659321099597 0.5782726402767672 0.07461997984786103 1.778995924208744 -1.8341009098844023 0.48328290279617225
1.1284081658800562 0.03469248965238317 -0.10398237663024233 -1.7615194621958816 0.11126087223465739 0.03834442292809337 -0.3136754681100076 0.9567713842536216 -0.10632941421763512 1.2935276560072413 -2.067656860867779 0.7901585910654928
1.048510097807668 0.15751908998622371 0.07096981107601227 -1.860050403078537 -0.16741047632624267 -0.3260114420156718 -0.05175742567919491 0.9217382125781167 0.5699705011324239 0.7718098334452547 -2.1263940749402903 0.9911062760142352
0.9594225356967488 0.6364610270150248 0.7400458236783647 -1.6209930782149518 0.002248917900644973 -1.2613233657613885 0.3988970983614264 1.1712167564638967 -0.03943203655602148 0.14704767411245281 -1.9290800667289507 0.7954887140327513
0.6745217792064466 0.6815967078605919 1.0498525348950642 -0.7793727607257253 1.4634969700476315 -1.0865253597439821 -0.20093178314037116 1.2701784305224462 -0.6122390205543006 -1.2816493847203394 -1.5066197072614376 0.32769159361397715
0.08604291652517962 0.6048221979699574 1.2435096101924454 -1.0421865190698476 1.496730607976903 -0.21887710773744834 -0.3680063589252072 1.5344165142740693 -1.2987633605992088 -1.3086770015958429 -0.8894794485457349 0.16046794953473664
-0.7835491530609913 0.07583757840912135 0.711821433583322 -2.1747635684807434 1.2523099979921666 0.8865169199213581 0.16722812621146269 1.5655399673354835 -0.25857129163632436 -0.6146544699286188 0.09786681410670606 -0.9255823544529417
-1.1928010806216487 -0.6155854120874248 0.2008998068698374 -2.029943486741754 1.2856006174573409 0.4012314019269076 -0.8450893954493399 1.37229652758268 0.7318341138117924 -0.06610876830544417 1.010948049574532 -0.2532823740174795
-1.172327988617067 -0.7632655175204329 0.7124350484554627 -2.1738117795034313 0.44308076010774944 0.5793337396321714 -0.7766334650223082 0.7978462054268712 0.5388416712077703 -0.03906027027430887 1.6439501960717702 0.20961140003575354
-1.0205158406872479 -0.6491624782395006 0.32505370559386093 -2.299702213305777 0.3979348044187552 0.9610903126064144 -0.08721721083392861 1.0237834367894059 -0.37411310433572714 -0.5438495399871981 1.1468788608983622 1.1198192670825806
-1.0351806387196012 -0.5825596492225401 0.4474910420738447 -2.3340686032265783 0.09355191687284735 1.2386222557417792 -0.1406400216452159 0.9353819462142519 0.20084226322653947 -0.690267149519139 0.584187341048221 1.2826392971555927
-1.3218468114739894 -1.042882765212911 0.7142782040851363 -1.9052935132710453 -0.8520157080557231 0.9927694940780031 -0.10101155240571949 0.6898657911271008 1.3611292153988352 0.07924892409400915 0.629543385401985 0.7562153362343194
-1.3234131857328224 -1.768173271983315 0.08044035047407348 -0.6272749135376927 -0.6472652678068299 0.9344474245130371 1.633226599410217 0.4124379765064094 1.1626552561459802 -0.6173292005572195 -0.15404184729575607 0.914290079863918
-1.2744287691394263 -1.9762838511756693 -0.3374954976265797 -0.45321897668595296 0.5006566347020828 0.8660228343532427 0.43466749559601564 1.4683068678013635 1.5359884845513019 -0.013080501804004791 -0.08940666544285557 -0.6617280551295188
-0.7670081877746097 -1.693557428828701 -0.7063567023954058 -0.2862409258082305 -0.33821050047642526 -1.2319878939996092 -0.2948211433949519 1.4944700687505745 1.4020841553400474 0.9961371389429504 0.5785720574825874 0.8469193621617735
-0.20192595858316897 -1.2739532199154548 -0.14869058860317183 -0.2202104986446578 0.07835576980556826 -0.8965163055409775 -1.3019946323811067 1.008290696375605 1.220568028102977 2.104047433930693 0.43223015986023755 -0.8002008844065441
1.4106010162743958 0.9963114387773427 0.2796803401030828 -0.7653050624383383 -0.8444803916413044 0.49094888737647446 -1.4283825811368727 -1.5774577469285305 0.48407146479369917 1.129544517076844 0.7323639130288695 -0.9078957952856619
1.4086986822758365 0.7588794587830201 0.04404299877162864 -1.798494572505827 -0.4834560811241901 1.1791299705874905 -1.013183711192385 -1.1256274210574782 -0.5612749633063028 1.379768509574306 0.2546400787676084 -0.04312294957370832
0.8708265927868604 0.23353253657612558 -0.17031071708890258 -2.286682840443039 -0.24901335291285603 1.1249006904910899 -0.663856701785932 -0.20830663664927387 -1.1737807725079454 1.3704554183179787 0.2615071383102623 0.8907286449056326
0.854583971886522 0.2993425808750212 -0.1622705160151035 -2.3435034515166753 -0.2762336597658147 1.0140258575817984 -0.39261031941913355 -0.025809723389129728 -1.2129004630835072 1.4623847061013469 -0.10152761437378852 0.8845186311184651
0.8930962769957289 0.2865446909673679 -0.12132929764147339 -2.512659303178778 -0.35785557257475564 0.7397931386375559 0.11910533388187436 -0.25722164656211677 -0.9365376434746222 1.5522614871950635 -0.23779801389405947 0.8326005496482138
0.9131586286922211 0.29648016962255774 -0.16599801703787692 -2.7663000432773726 -0.34662022597461795 0.7527134549943778 0.04214883583102748 -0.021907796996055717 -0.6053727286275987 1.3777495226379675 -0.13004580283617329 0.6539940029715448
1.068719000551877 0.27647443771122693 -0.04381990503059936 -2.92363388864746 -0.14178378703432243 0.6066147022795958 0.019192266767612234 -0.2247272537441676 -0.19098758122348988 1.1056196127147861 -0.24140850646939277 0.6897409021243339
0.7989428796305139 0.12674000861977502 -0.2272789034922125 -2.8564884112891664 -0.02402401828542945 0.8307792207237334 -0.2513862478550307 0.008728143915867988 -0.2066355955212753 1.413636692765522 -0.1701391634772374 0.5571253942649398
0.8146152303071268 0.11063798298920793 -0.2959655783714142 -2.6663615629080195 -0.016432536693290006 1.106452537569725 -0.46988958541564707 -0.11090355654732595 -0.248469528115216 1.5232633716886745 -0.23081930834726233 0.48387253384343926
1.0073350743460783 0.10165491289689928 -0.32013901995592886 -2.4519328874959827 0.0947417530416641 0.9697435783706994 -0.4858608867688327 -0.19330838252981572 -0.47445213724868823 1.757375016496457 -0.40518615680602194 0.40002913565347037
0.742998835306013 -0.07268121483860812 -0.5458349323405993 -2.013948058179343 0.030395628848297676 0.7952490833427563 -0.3922774180376745 0.06637384320594047 -0.6142239689058547 2.139697569013352 -0.8840624202494964 0.7483130528352171
0.8801479194057945 -0.07003290580400197 -0.5240851800704144 -1.5369589150730287 0.1880914534442652 0.38062151763888646 -0.3078614076874487 0.14421184756370395 -0.7843288520523134 2.415845202932416 -1.2667809806677581 0.48113030036989807
0.9117296082971006 -0.05529040877725033 -0.37514250915749314 -1.1742228210847903 0.3904698940265664 -0.2738216922542551 0.12546592400514095 -0.058834132229025345 -0.7935688010502739 2.660967149938315 -1.2982587002880612 -0.05949351142597378
0.9741379078543153 -0.16107253533284405 -0.5726165193831713 -0.5373000030720897 0.023725403674202044 -0.8224241585067934 0.4432759498439372 -0.09567866288274404 -0.3914504873832015 2.6188733328989175 -1.5822879438226682 0.10281771611214144
1.094964541212803 -0.2901476013967751 -0.5325666802804502 0.0457892139767545 -0.46609927351242086 -1.293121083718246 0.43043249660059 0.07717887114900684 -0.13065259191426865 2.3643879399072025 -1.6242204047906448 0.3240545727664475
0.8602780656951438 -0.3944020174762535 -0.8498941605648616 0.48442763676413714 -0.5106420321497385 -1.830429302853076 -0.061681968665727456 0.7303850056553504 0.031290727669757344 2.1156754832855555 -1.1110649497558867 0.5360575123956004
1.0097382717992642 -0.32167182333882866 -0.8944639945448197 0.5500900992825976 -0.2397147253623719 -2.155976324730129 -0.5414971336781051 1.1358765483130275 0.2592638201020701 1.577741270299296 -0.8441802264519535 0.4647942183099523
0.9316894868434316 -0.30694172683300713 -0.9018164871392077 0.6027390249717808 -0.45582625222412415 -1.9336084195052563 -0.5205876636017029 1.3172643829406 -0.2046591708160527 1.6943955410370415 -0.807998691545422 0.5853499758719207
1.177404377913636 -0.19339726226645387 -0.8882513054946495 0.5487804992489105 -0.44879226727151916 -2.2414903001774005 -0.13696602054628965 1.0298954637618358 -0.04693780018716469 1.5387878874406828 -0.7833102864753675 0.44427701405377995
1.2791904685286246 -0.3557934858050809 -0.9036681432157179 0.3704993783301227 -0.5536173569774645 -2.1767202304085154 -0.002588623014247398 1.0036776977316755 0.18551992977624052 1.6728564155050627 -0.622642549771659 0.1032864993209588
1.1462055811219378 -0.41603105504030086 -1.2314173934710155 0.19648591876365498 -0.609095628167709 -1.6867575618096093 0.1342423001037838 0.9297547443634083 0.04072531756223519 2.038179788346754 -0.7987093970165111 0.2564173852433717
1.026815372950106 -0.6794448822215607 -1.3692163274249551 -0.25417718653652993 -0.678078209355017 -1.1270278078180826 0.3996634027409512 0.8460842166064461 -0.2467283522993217 2.4090055925245477 -0.2670363038126109 -0.05985951535397237
1.355754488324968 -0.44146388395241043 -1.140952187272855 -0.496517656888197 -0.3430460333682382 -1.091251073753198 0.8087533235579426 -0.017001995290188577 -0.45186878107843564 2.448656406280796 -0.4838073236874662 -0.1472552828727188
1.035179074292055 -0.45913316531171505 -1.2353405214426212 -0.8158202173819218 -0.20648158733293487 -0.4589379299804075 0.818031517568225 -0.5698125957023721 -0.2200850345523761 2.5583356158398587 -0.7642179520523037 0.318282796056514
1.1038637482147464 -0.4898551465569679 -1.138835210304598 -1.235791172752914 -0.5268843430539297 0.4037492025331347 0.5150451682337813 -0.8402424294940376 0.09573611985112256 2.344126873268859 -0.7378491030383053 0.5069362930991079
0.8388319454963475 -0.5035261023905495 -1.0720184934696986 -1.4009447314453338 -0.398389516217882 0.6589891268142481 0.37352084261044993 -0.9378748298887587 0.3898223552589338 2.1693326652531244 -0.9114991373566166 0.7937558753357364
1.0564987553606546 -0.16892644600691262 -0.7046972948569689 -1.2378555045018975 -0.5388369470391468 0.9596970641646618 0.11391860536089067 -1.0601385088366106 -0.013969185970909322 2.0490574693336003 -1.2704285000672533 0.81568049305989
1.0813566837454252 -0.1261036690722083 -0.8073674385469553 -1.509904924052413 -0.4975979135823278 1.2576129667189702 -0.23790154367550917 -0.799467873988124 -0.11983864517083191 1.7925056351934645 -1.0486782440992848 1.0153849665297916
0.991311856873295 -0.05749825978182691 -0.7682794325665134 -1.553547297403769 -0.5562505064490055 1.347648469813794 -0.3546007603077556 -0.5571132350424405 -0.31644424699984663 1.7599368229481718 -1.0279891524518108 1.0928257413677078
0.8027465474705546 -0.2240034837287177 -0.7099179727089038 -1.8140752511959861 -0.39594580160076664 1.6095315640715913 -0.492474254261167 -0.6434208568767249 -0.1543128977668002 1.645736848362845 -0.6192984412383933 0.995433999472468
0.9559057143792066 -0.023008227924788512 -0.6600690351722754 -1.6275395799461037 -0.4183191113087968 1.7835833297103496 -0.9692171209681754 -0.2764492215516674 -0.4470300063591188 1.4898204984182963 -0.6756149254293633 0.8679376861524355
0.9168202529338456 0.09362978297938761 -0.7480608115765497 -1.774093226496105 -0.19114217857536248 1.653795375360602 -1.013324987008833 -0.2757170182287156 -0.5014596795665581 1.4069477414427345 -0.5725934559880169 1.0051982047235684
0.801858037580056 0.042338051183339755 -1.0680150314059975 -1.7758218778207495 -0.17857276135711161 1.5790116950022093 -0.8989198338162426 -0.16796577142041588 -0.6019098571071392 1.6046873965696564 -0.1890604126104793 0.8523703652028742
0.9056875171158972 0.25835318621146997 -0.9978646974707528 -1.7391429661686475 -0.26330268212204894 1.6494467005680078 -0.9629174449611152 -0.4001101382536651 -0.29155581693981053 1.3243667755429833 -0.5297420974537697 1.0467816639314538
0.9967551128828409 0.3742688486633131 -0.7961147121362206 -1.7670507855354538 -0.2778734657013461 1.6624852197797617 -1.1145827770247767 -0.6067054469905919 -0.034280539533080155 1.2092469816388756 -0.5756096133669201 0.9294611773235978
0.9173433284099658 0.28604810911239226 -0.7354997837810928 -1.949173352666784 -0.12290319376730649 1.6178942146106057 -1.1428695238819437 -0.695587775115785 0.24137425141150812 1.2991475738081235 -0.37135689384054016 0.6555830457008562
0.8168197755509381 0.15707292165528802 -0.8005448517785212 -2.1678513325983864 -0.010693765556500322 1.1445527062304572 -0.9463194472788836 -0.7391611759921181 0.706716973288712 1.326889248436473 -0.3857161108876921 0.8982350589302335
0.8822911552488497 0.21678195607744388 -0.6945453259558758 -1.9216413499115914 -0.06000432870991371 1.1362505567838375 -1.2396082230824759 -0.7379976707557097 0.5436037447458515 1.6601250680250257 -0.41653446333362965 0.6312788808681891
1.0999227860997538 0.4179715011589124 -0.49890354824084165 -1.5061093471338882 -0.033308727540468874 0.9681738513877604 -1.6170665187203013 -0.8068655308279056 0.5984074893098765 1.738436393252875 -0.6538814657368683 0.293223116991097
1.3051649878708937 0.7263854588405507 -0.5513997255312549 -1.4783929921964456 -0.07758402251520748 -0.09095739416648296 -1.6958906516510535 -0.1015068405078103 1.016134312691702 1.4898782461198503 -0.9707453124922735 0.42891393353753093
1.0644595062112883 0.6331728485268716 0.19880681557649799 -1.274110567123284 0.15355598614990426 -1.0557273760394426 -1.1380187047666104 0.7719277753397566 -0.5950622585471373 1.696017260334741 -1.3320335253704128 0.8770122397078262
0.8299063601424619 0.5962614250329535 0.8233968823492496 -0.7517736812266088 -0.5035988426150718 -1.243193310766807 -0.35792979487461674 0.6167309477513986 -1.763342954337312 1.4606296146693767 -0.8829249549838324 1.1758383088588065
0.6566405365741099 0.6392442863380108 1.303945374394101 -0.6597607151923806 -0.9749813566036543 -0.8698074633473772 0.03167142010955311 -0.4136192133752497 -1.836585367902244 1.5190279269209435 -0.4986246503917773 1.1028492224759636
0.5190639472036025 0.6615627043487182 1.3608467600613428 -0.6062042428059821 -0.8471925646742186 -0.5072759731685011 -0.09299867843622582 -0.774895938842217 -1.510066633808325 1.8395867902243868 -0.9762163589934191 0.9337901888908379
0.561968919626791 0.7815657575862888 1.587396497912408 -0.796779031912348 -0.8536095646349359 -0.232962238653755 -0.28617789622868806 -0.9947698494556285 -1.3292864330734637 1.6297378930594928 -0.9387982729127908 0.8717142186866305
0.4555695266085371 0.816432363078347 1.7921007961739146 -0.921725662131014 -0.9054906185861166 -0.16188390053915105 -0.553579334478094 -0.6311055662166983 -1.3775168580537231 1.326162707766775 -0.8798463877256002 1.0408829341028236
0.5080505782926675 1.0358290349519947 1.8318411517719586 -0.9707779687531892 -0.9672876670628752 -0.04696151709798026 -0.7005190089750561 -0.3677870072266814 -1.4765311873522797 1.0331726939822468 -0.8204625715575099 0.941433469026705
0.4853422381828391 0.8453402499223021 1.8212784591725852 -1.0640085172967186 -0.5082269296892842 -0.109226853772386 -0.9610533176863081 -0.675552041362125 -1.4543950677924267 1.166298607432585 -0.6010851525373961 1.055288325426333
0.45284005736410704 0.8928816054290263 1.8498572858946214 -1.014828554980548 -0.742683181917215 -0.1647403365328443 -1.1142669638728637 -0.2798946318211516 -1.3679358516821438 1.3484232209444407 -0.6182511283952775 0.7585984795698479
0.4670515507306242 0.921865161498973 1.8952737413185574 -0.9677682224552896 -0.9483140807874584 -0.2508917684467868 -1.1511314339855052 -0.24675851067049975 -1.1364353717491384 1.3418091564110017 -0.655306738424926 0.7306065165604487
0.4450614753363863 0.8379179099928137 1.8034812083779639 -0.9872066998100507 -1.1453388252394907 -0.16219555203813363 -1.3590728318797567 -0.2238749646747113 -0.8908244800438796 1.2718013000942172 -0.5505808953307275 0.9608323552153673
0.48465396751520906 0.6886394781524915 1.8118255919936337 -1.1053177086614325 -1.2305000130444907 -0.11292176402156631 -1.2521654168138716 -0.23652715850634268 -0.9517255337384319 1.2480915892025342 -0.3637832414774416 1.0197302093997074
0.35527116696139543 0.5035030828841296 1.6782202614818493 -1.3163582120193398 -1.417981137301762 0.1988523518585209 -1.087913575285949 -0.016613467820851546 -1.0482537359701152 1.2761248826168803 -0.16522228350816642 1.0403706661034076
0.48237796568683583 0.5225437251705095 1.6433862555741487 -1.3416243696687473 -1.6465267310061047 0.2927916848666251 -1.0058453415929414 0.13309903726819422 -1.008811128835117 1.2417202718886498 -0.08776946280558348 0.774658093453529
0.7072716372395482 0.46927235217338253 1.651934737440092 -1.4608758871831637 -1.600125790640602 0.11372591716632058 -0.6426232452779734 0.020119022353162232 -1.0414347030879805 1.4060723981261638 -0.19717727654872783 0.5738408382397774
0.7126397713584754 0.3275993851279805 1.3671907979759006 -1.1186838402417476 -1.9516854546527522 0.04102873363736074 -0.47477403803131285 0.5336583875963812 -1.2823517484189317 1.4883429278284432 0.078842684911469 0.2781923929087338
0.6457547927968595 -0.0032959919571180023 1.3018306966752549 -1.1936390695548096 -1.9073480468132027 -0.11180960076638834 0.03491532968108733 0.47831490998829657 -1.200050390475142 1.7303678529404338 -0.13588797522383955 0.3608474927085677
0.6630788980500396 -0.19821733269552913 1.1793207923200277 -1.0347355616904799 -2.215381989748497 -0.2687752487468873 0.461526460294167 0.23812397826854106 -0.8730978941534289 1.645199197203424 -0.15874673422988375 0.561705435128506
0.6833956244257361 -0.27105938533931706 0.9883656615960414 -0.8356606047309022 -2.5709622126133955 -0.189271277970034 0.5289039283738342 0.26860507051933646 -0.6801168584267482 1.4559590041628678 0.3851661627590997 0.23667488724348193
0.6162924427406095 -0.3766475753148285 0.7164969050828845 -0.6566064263551821 -2.612138459698144 -0.5210869436036478 0.7298342066858817 0.58691920009751 -0.6859578272065981 1.2389964381095786 0.6960626965386432 0.2678353429232938
0.8416742717768056 -0.3856761509749059 0.6557293556855852 -0.46866666125283135 -2.7476224826570563 -0.32134957999278524 0.2746664274943911 0.9300461515465521 -0.6156536226887326 0.7803327636251132 0.9489860335856825 0.10753349385218143
0.7223201055056507 -0.5771633610434581 0.508251504079083 -0.3863819341368362 -2.6544876730189793 -0.16779398741858723 0.06631293861212975 1.1446753962397038 -0.6359929466742028 0.6773259630318853 1.2155196308459542 0.08741436397765727
0.7754229149541864 -0.6847018263236463 0.2043467264088184 -0.004288789136751004 -2.632392449476394 -0.24102714017403454 0.08816080614150708 1.3029840003785953 -0.5652721158392014 0.17369942020466209 1.335706117286955 0.24736233557530124
1.120902792303893 -0.5652465642539173 0.18076452642078084 0.27172434859486133 -2.537161080269106 -0.5018250049873336 0.15951502851098773 1.4603298074121407 -0.7787154961480918 0.04249588684091003 0.8932050643471672 0.2540106912277089
0.9830168101353214 -0.6119893430687675 -0.1045986671143813 0.3502641265495474 -2.466551424683825 -0.43284461701746985 0.14997034634021547 1.6436173911542216 -0.5050612984819925 -0.32256083154534765 1.0484266288469146 0.26831087888556593
1.1482627087168495 -0.45704498409497574 -0.04776362486298929 0.37137239278182693 -2.3111142591654588 -0.2578723320082327 -0.3217455435597564 1.986690464375132 -0.3642564415483786 -0.5659794878868264 0.6164037663428809 0.20304734090992682
1.4864227362895013 -0.2699451435580945 -0.18874069233398028 0.7077893210870612 -2.053820951115511 -0.823754040325122 -0.20608739350673508 1.8882654469691842 -0.1459603768786154 -0.7521477877212308 0.2912692261346936 0.06670965495885042
1.3937989235730215 -0.1839614055731377 -0.5529170594136154 0.8058018346105515 -2.321788951627139 -0.44349058399401603 -0.13599035748299293 1.543823459813514 0.0537219594016842 -0.8713206490249952 0.5341911526250191 0.17813167709210512
1.9260785728430012 0.28188965740749433 0.40696480970548754 0.8184597365897034 -2.1719477141135384 -0.4132176468366424 -0.26054290593640633 1.0406549442467712 -0.9183820343279415 -0.3240969976065775 0.20292537047648346 -0.5887857924478324
1.4418651195266883 0.026101349256720488 0.6026908949848954 1.266809361539164 -1.636424344615043 -0.3805314768152336 0.41037065013646845 0.9607034956414776 -1.742081036265959 -1.0010383727742247 0.024146999361152357 0.027387360023893376
1.0796407237334122 -0.15764047864448164 0.8209441809420637 1.5030907231777981 -0.8815736833117462 -0.30177488955318443 0.402910808254875 1.3050606597247634 -1.0390774780809668 -1.6282221656465383 -1.1853369638187141 0.08197856322271797
0.8297914231793767 -0.35606182230866906 0.8401926972849483 1.5556951090391922 -0.22197961103420372 0.11226566293671618 0.7644972980216445 0.37675879746375873 0.4233189728190581 -2.0268568444280795 -1.5631735903708799 -0.7344480926028626
0.3304455748243903 -0.8111385908210491 0.40145129798442203 0.9137210892289175 0.5965937596462051 1.3828176002651966 0.5193108895072169 -0.429274255257775 -0.052795988073243115 -2.632878189294911 -0.6364260895976911 0.41817290158831943
-0.043537270412520035 -1.8005840100811596 -0.4136209041241029 0.33397962302385886 0.5981263113954624 1.2546558016787672 1.5479362372416503 -0.28529556160564673 0.41874835863534915 -1.8593013193256487 -0.32312222593101975 0.5720149595050082
-0.278389376390715 -1.8837316365444245 -0.3210804853414113 0.3248856522451466 0.6132939659618829 1.1926807604339906 1.8196099573131137 -0.24150929777017363 0.9231129339985314 -0.9240991436639139 -1.1326536722258558 -0.0921196580161709
-0.14832095940142226 -1.2820298659247502 -0.2341008948158294 -0.3176878350101383 0.6809539957214388 1.2927334025262789 1.6222770756014908 -0.5786377721460417 0.30566102064803286 -1.4407734089556163 -1.1548111645836536 1.25473640634021
-0.34106967370796515 -1.988235159769921 -0.3906325090211224 0.012405723610304937 -0.05567780853937017 1.1028128643351436 1.5374572997374167 0.45291445146266734 0.4969174751301228 -1.2797932289694893 -0.7741207890364415 1.2270213547686564
-0.42451645580705916 -1.6228351225351314 -0.9493642997846652 -0.8440708744574019 -0.14466407020471186 0.9688930821613779 1.4530933982722973 -0.09308838818013684 1.2660984072208552 -0.12976842536167071 -0.9098150087966101 1.4300377574728584
-0.3854195213842397 -1.4794575795334761 -0.844373304389541 -0.5174787156087002 0.3023052418008157 0.592019000054753 1.6129376815371812 0.10915698707312822 1.472613223542906 -1.1728227708341161 -0.8532623516015829 1.163782109342872
-0.5268015207326414 -1.6310941469611786 -1.1104998822222625 -0.042498786949525254 0.730081450571968 0.2805539366625162 0.8996352163010106 -0.4283468658814124 0.6662332661037652 -0.8902810355607043 -0.17318507093292257 2.226203439601388
-0.6765393631521366 -2.0157075780390796 -0.9992766809000178 -0.6085547531530353 0.5081185138888084 0.6344459285008197 0.52223299585402 -0.22963079213066284 1.6925976855805855 -0.49749079057288603 0.2791808544083698 1.390623979715215
